100
3
2 0
2 2
1 3
1
5 0
14
100 0
87178291200 1
43589145600 2
14529715200 3
3632428800 4
726485760 5
121080960 6
17297280 7
2162160 8
240240 9
24024 10
2184 11
182 12
14 13
76
585 10
27 22
449 36
947 42
455 64
807 75
502 79
254 83
448 117
840 124
82 125
659 157
580 170
446 177
279 200
453 275
561 279
161 281
105 293
142 298
687 304
922 331
328 339
930 343
935 345
101 346
978 349
722 359
547 363
619 372
296 374
952 379
20 410
86 422
928 434
239 448
442 456
221 477
711 484
538 490
517 503
215 506
981 512
887 515
411 526
405 549
868 550
642 551
987 632
297 650
898 656
973 682
625 684
306 700
786 710
352 739
342 753
52 777
827 778
855 785
29 806
159 824
252 826
243 831
804 846
164 852
246 877
886 884
615 903
524 913
210 929
117 933
402 934
462 944
121 975
701 987
13
87178291200 1
43589145600 2
14529715200 3
3632428800 4
726485760 5
121080960 6
17297280 7
4324320 8
240240 9
24024 10
2184 11
182 12
14 13
13
87178291200 1
43589145600 2
14529715200 3
3632428800 4
726485760 5
121080960 6
17297280 7
2162160 8
240240 9
24024 10
2184 11
182 12
13 13
14
1000000000 0
87178291200 1
43589145600 2
14529715200 3
3632428800 4
726485760 5
121080960 6
17297280 7
2162160 8
240240 9
24024 10
2184 11
182 12
14 13
13
87178291200 1
43589145600 2
14529715200 3
3632428800 4
726485760 5
121080960 6
17297280 7
2162160 8
240240 9
24024 10
2184 11
183 12
14 13
70
295778824519 22
105215162359 40
603733577176 92
39077269506 93
275026685162 100
136203820086 107
777056322448 131
161857546015 166
948862159790 186
342783659198 188
668305150252 207
573396935316 215
110445900174 220
766851387421 225
972404256854 236
62956701946 237
350641165228 245
646161601240 278
407313697254 282
849939629117 284
971860424279 294
785710178314 310
295775282013 318
21878191038 324
657016901751 327
399838585472 332
30644516346 374
73741700610 379
580565616748 396
816190982651 412
357995261593 420
412390890791 421
379775747089 437
412993670779 443
702908884133 497
515856492180 503
271653420137 515
27449661354 530
61713106803 531
987786335440 537
923903711356 540
812120852554 563
203771642826 564
561380947368 610
960617031995 655
907806264895 656
884439609080 658
743158805106 664
715332298597 695
496261655828 720
495358213223 741
909881918080 755
558164710907 765
371780582495 788
260780276058 793
494450543301 796
148564338227 798
45721169452 836
343854708485 844
680475687782 867
428630421308 878
253812303442 879
493884593156 885
841275159683 886
661648509705 938
902006600712 948
179431576586 959
361960619901 971
10790878086 982
559383136500 992
13
87178291200 1
43589145600 2
14529715200 3
3632428800 4
726485760 5
121080960 6
17297280 7
2162160 8
480480 9
24024 10
2184 11
182 12
14 13
2
201 33
5 34
29
391 10
541 48
241 54
42 73
132 129
473 152
993 287
974 387
426 406
903 431
364 439
447 507
731 596
36 604
352 624
499 642
679 659
245 724
256 743
16 751
684 769
404 779
741 875
900 897
871 917
834 924
198 934
963 951
294 994
14
100000000000 0
87178291200 1
43589145600 2
14529715200 3
3632428800 4
726485760 5
121080960 6
17297280 7
2162160 8
240240 9
24024 10
2184 11
182 12
14 13
677
517 0
480 1
164 2
664 3
219 5
35 10
741 11
280 14
387 15
789 16
720 17
743 18
176 19
971 22
296 24
672 25
471 27
956 28
730 29
41 31
759 32
797 33
536 34
151 35
82 36
218 37
348 38
628 39
175 40
76 41
433 42
54 43
622 44
867 46
830 47
790 52
690 55
440 56
27 57
468 58
47 59
377 60
262 61
32 62
1 63
455 65
58 67
983 70
291 71
665 72
138 74
704 76
360 78
476 80
827 82
63 83
866 84
572 85
36 86
309 88
206 89
521 90
676 91
308 92
932 93
241 94
861 95
97 96
849 97
474 98
10 99
258 101
158 103
629 104
894 105
71 106
340 112
170 113
40 114
779 115
838 117
174 119
487 120
73 121
297 122
567 124
935 128
946 129
953 130
235 131
446 133
159 135
157 136
660 137
11 138
210 141
542 142
183 143
844 144
874 145
819 146
30 148
443 149
229 150
566 151
253 152
552 153
635 155
640 156
282 157
45 158
899 160
409 161
889 162
127 163
513 164
705 167
997 168
320 170
429 171
465 172
215 174
165 177
408 179
708 180
654 181
681 182
581 183
811 184
685 185
839 186
272 187
95 188
200 189
684 191
396 192
799 193
247 195
1000 196
245 198
225 199
703 200
237 201
265 202
518 203
394 204
244 206
190 208
46 209
378 211
967 213
578 216
452 217
626 218
576 219
201 220
888 222
17 223
742 224
123 225
925 226
421 228
999 230
826 231
478 233
38 234
895 235
924 236
810 238
239 240
617 243
980 244
840 245
732 246
180 247
601 248
413 250
431 251
643 253
268 254
445 255
479 256
533 257
226 258
467 259
787 260
305 261
369 262
481 263
722 265
555 266
332 267
461 269
500 270
818 273
187 274
131 275
541 277
675 278
960 279
84 280
347 281
868 282
424 283
678 284
913 286
991 287
372 288
79 289
600 291
771 292
321 293
694 294
603 295
792 296
277 298
543 299
341 302
707 303
2 304
905 305
472 306
964 307
298 309
464 311
217 312
511 313
951 316
214 317
13 318
434 319
427 321
212 323
300 324
880 325
975 326
334 328
940 329
544 332
292 337
312 342
745 343
788 344
246 345
520 348
647 350
733 351
120 352
182 353
324 354
495 355
955 356
153 357
205 358
904 360
551 361
504 362
382 364
379 365
222 367
729 368
20 369
469 371
968 373
882 374
216 375
627 376
842 377
990 378
34 379
686 380
727 381
574 383
85 384
168 385
699 386
405 387
12 388
231 389
688 390
141 392
828 393
306 396
96 397
287 398
220 399
325 400
929 401
744 402
689 403
228 404
613 405
53 406
644 407
99 408
758 411
59 412
86 415
575 416
829 421
422 422
400 426
659 428
769 429
189 430
328 433
736 435
510 436
31 438
775 439
390 440
585 442
260 443
836 444
15 445
912 447
132 448
122 449
492 451
143 452
776 453
833 454
358 456
638 459
240 460
837 463
419 464
388 467
754 470
25 472
129 473
470 474
974 476
760 478
845 479
696 480
982 482
979 483
821 485
322 486
711 487
410 488
249 489
584 490
553 495
137 496
284 498
669 499
612 502
522 503
592 504
204 508
83 509
526 513
285 514
357 517
652 518
933 519
735 520
814 523
528 529
977 531
80 533
356 534
780 535
992 537
156 540
847 543
963 544
450 545
368 546
191 548
24 551
767 552
482 553
44 554
872 557
605 558
599 559
805 560
105 561
863 562
447 563
145 565
535 567
114 572
203 576
259 579
106 580
524 581
906 583
598 584
910 585
327 586
301 587
339 588
642 594
323 595
973 596
8 597
590 598
645 599
595 601
945 602
449 603
777 604
878 605
402 606
171 607
116 608
436 609
918 610
950 611
299 613
981 615
336 616
181 618
230 619
88 620
98 621
881 622
233 624
903 626
796 627
988 628
852 630
639 632
415 633
459 634
18 636
139 637
33 638
969 641
692 642
558 643
806 645
486 646
94 647
207 648
523 649
928 650
538 651
657 652
857 653
587 654
870 655
691 656
716 657
130 658
962 660
242 661
198 662
938 664
738 665
238 666
331 667
614 668
947 669
631 670
539 671
948 672
497 673
89 675
453 679
534 684
48 685
532 686
875 688
77 690
936 691
557 692
562 693
554 694
751 695
412 697
197 698
261 700
490 702
373 704
915 705
435 707
458 708
801 710
900 711
892 713
279 714
14 716
753 719
762 720
395 721
140 722
451 726
121 727
371 728
329 729
772 730
656 731
668 732
556 733
952 735
221 736
858 737
850 738
194 739
406 740
264 741
473 745
831 746
209 747
28 748
815 749
891 750
718 752
7 754
454 755
800 758
865 759
188 761
404 764
384 766
498 767
706 768
4 770
316 771
385 772
804 773
370 774
737 776
570 778
630 781
666 782
178 783
723 784
701 785
855 786
782 787
326 788
561 790
757 792
411 793
682 795
808 796
278 797
399 799
352 800
16 801
898 803
577 804
625 805
731 806
293 807
414 808
803 810
802 811
710 813
712 814
361 815
184 816
425 817
608 818
540 820
290 822
748 826
75 828
812 829
809 832
633 833
586 835
142 836
392 837
494 839
607 840
311 841
752 843
342 844
160 846
610 848
816 849
670 850
993 852
366 853
907 854
57 855
618 856
859 857
695 859
29 860
267 861
959 865
234 867
65 868
281 871
674 872
515 874
144 875
91 876
362 879
484 880
921 881
202 882
100 883
901 884
430 886
303 887
848 889
648 890
602 893
746 894
987 895
508 896
944 897
359 898
273 901
926 905
117 907
784 908
172 912
162 913
569 914
66 916
922 918
266 919
37 920
843 922
502 923
700 924
6 925
483 927
50 928
531 929
961 932
825 935
507 937
750 938
514 939
343 941
179 942
271 946
417 947
930 948
60 949
637 950
620 952
3 953
869 955
64 956
662 957
150 958
778 960
78 963
318 965
698 966
374 967
456 968
604 969
211 970
717 971
177 972
353 973
949 974
418 977
791 978
314 979
995 980
108 984
376 985
375 986
236 988
313 989
74 991
505 992
135 993
813 995
330 996
680 997
824 999
489 1000
13
87178291200 1
43589145600 2
14529715200 3
3632428800 4
726485760 5
121080960 6
17297280 7
2162160 8
240240 9
24024 10
2184 11
182 12
15 13
13
87178291200 1
43589145600 2
14529715201 3
3632428800 4
726485760 5
121080960 6
17297280 7
2162160 8
240240 9
24024 10
2184 11
182 12
14 13
13
87178291200 1
43589145600 2
14529715200 3
3632428800 4
726485760 5
121080960 6
17297279 7
2162160 8
240240 9
24024 10
2184 11
182 12
14 13
2
202 33
5 34
65
402 11
886 27
73 37
992 62
677 68
961 92
795 94
774 101
366 105
538 127
469 154
288 197
370 210
676 233
571 241
433 255
75 278
946 306
391 321
887 365
784 382
535 409
742 412
840 417
285 418
965 423
660 430
855 437
623 468
17 481
289 484
471 519
485 539
63 552
259 564
639 568
922 572
60 590
943 602
670 622
959 625
835 636
69 637
706 644
152 683
978 696
539 697
406 698
721 701
910 707
792 711
821 754
823 764
373 790
219 793
25 797
967 804
776 841
161 847
127 889
49 912
813 957
338 965
861 985
565 991
13
87178291200 1
43589145600 2
14529715200 3
3632428800 4
726485760 5
121080960 6
17297280 7
2162160 8
240240 9
24024 10
2183 11
182 12
14 13
13
87178291200 1
43589145600 2
14529715200 3
3632428800 4
726485760 5
121080960 6
17297280 7
2162160 8
240240 9
24024 10
2184 11
182 12
28 13
63
505 18
316 49
932 81
869 104
28 140
357 142
450 149
462 175
80 186
994 188
341 192
84 201
444 246
248 248
950 258
364 270
620 274
714 291
406 296
788 299
645 338
839 343
771 357
342 386
275 420
381 434
506 437
149 442
688 446
585 449
976 477
443 487
593 488
882 516
422 537
741 546
912 571
85 578
792 598
75 603
413 616
737 634
519 645
919 648
399 684
61 687
542 689
263 702
345 734
203 737
359 748
53 750
698 779
12 794
185 795
393 840
661 849
795 868
671 889
14 921
665 928
264 937
269 947
14
1000 0
87178291200 1
43589145600 2
14529715200 3
3632428800 4
726485760 5
121080960 6
17297280 7
2162160 8
240240 9
24024 10
2184 11
182 12
14 13
1000
1000000000000 1
1000000000000 2
1000000000000 3
1000000000000 4
1000000000000 5
1000000000000 6
1000000000000 7
1000000000000 8
1000000000000 9
1000000000000 10
1000000000000 11
1000000000000 12
1000000000000 13
1000000000000 14
1000000000000 15
1000000000000 16
1000000000000 17
1000000000000 18
1000000000000 19
1000000000000 20
1000000000000 21
1000000000000 22
1000000000000 23
1000000000000 24
1000000000000 25
1000000000000 26
1000000000000 27
1000000000000 28
1000000000000 29
1000000000000 30
1000000000000 31
1000000000000 32
1000000000000 33
1000000000000 34
1000000000000 35
1000000000000 36
1000000000000 37
1000000000000 38
1000000000000 39
1000000000000 40
1000000000000 41
1000000000000 42
1000000000000 43
1000000000000 44
1000000000000 45
1000000000000 46
1000000000000 47
1000000000000 48
1000000000000 49
1000000000000 50
1000000000000 51
1000000000000 52
1000000000000 53
1000000000000 54
1000000000000 55
1000000000000 56
1000000000000 57
1000000000000 58
1000000000000 59
1000000000000 60
1000000000000 61
1000000000000 62
1000000000000 63
1000000000000 64
1000000000000 65
1000000000000 66
1000000000000 67
1000000000000 68
1000000000000 69
1000000000000 70
1000000000000 71
1000000000000 72
1000000000000 73
1000000000000 74
1000000000000 75
1000000000000 76
1000000000000 77
1000000000000 78
1000000000000 79
1000000000000 80
1000000000000 81
1000000000000 82
1000000000000 83
1000000000000 84
1000000000000 85
1000000000000 86
1000000000000 87
1000000000000 88
1000000000000 89
1000000000000 90
1000000000000 91
1000000000000 92
1000000000000 93
1000000000000 94
1000000000000 95
1000000000000 96
1000000000000 97
1000000000000 98
1000000000000 99
1000000000000 100
1000000000000 101
1000000000000 102
1000000000000 103
1000000000000 104
1000000000000 105
1000000000000 106
1000000000000 107
1000000000000 108
1000000000000 109
1000000000000 110
1000000000000 111
1000000000000 112
1000000000000 113
1000000000000 114
1000000000000 115
1000000000000 116
1000000000000 117
1000000000000 118
1000000000000 119
1000000000000 120
1000000000000 121
1000000000000 122
1000000000000 123
1000000000000 124
1000000000000 125
1000000000000 126
1000000000000 127
1000000000000 128
1000000000000 129
1000000000000 130
1000000000000 131
1000000000000 132
1000000000000 133
1000000000000 134
1000000000000 135
1000000000000 136
1000000000000 137
1000000000000 138
1000000000000 139
1000000000000 140
1000000000000 141
1000000000000 142
1000000000000 143
1000000000000 144
1000000000000 145
1000000000000 146
1000000000000 147
1000000000000 148
1000000000000 149
1000000000000 150
1000000000000 151
1000000000000 152
1000000000000 153
1000000000000 154
1000000000000 155
1000000000000 156
1000000000000 157
1000000000000 158
1000000000000 159
1000000000000 160
1000000000000 161
1000000000000 162
1000000000000 163
1000000000000 164
1000000000000 165
1000000000000 166
1000000000000 167
1000000000000 168
1000000000000 169
1000000000000 170
1000000000000 171
1000000000000 172
1000000000000 173
1000000000000 174
1000000000000 175
1000000000000 176
1000000000000 177
1000000000000 178
1000000000000 179
1000000000000 180
1000000000000 181
1000000000000 182
1000000000000 183
1000000000000 184
1000000000000 185
1000000000000 186
1000000000000 187
1000000000000 188
1000000000000 189
1000000000000 190
1000000000000 191
1000000000000 192
1000000000000 193
1000000000000 194
1000000000000 195
1000000000000 196
1000000000000 197
1000000000000 198
1000000000000 199
1000000000000 200
1000000000000 201
1000000000000 202
1000000000000 203
1000000000000 204
1000000000000 205
1000000000000 206
1000000000000 207
1000000000000 208
1000000000000 209
1000000000000 210
1000000000000 211
1000000000000 212
1000000000000 213
1000000000000 214
1000000000000 215
1000000000000 216
1000000000000 217
1000000000000 218
1000000000000 219
1000000000000 220
1000000000000 221
1000000000000 222
1000000000000 223
1000000000000 224
1000000000000 225
1000000000000 226
1000000000000 227
1000000000000 228
1000000000000 229
1000000000000 230
1000000000000 231
1000000000000 232
1000000000000 233
1000000000000 234
1000000000000 235
1000000000000 236
1000000000000 237
1000000000000 238
1000000000000 239
1000000000000 240
1000000000000 241
1000000000000 242
1000000000000 243
1000000000000 244
1000000000000 245
1000000000000 246
1000000000000 247
1000000000000 248
1000000000000 249
1000000000000 250
1000000000000 251
1000000000000 252
1000000000000 253
1000000000000 254
1000000000000 255
1000000000000 256
1000000000000 257
1000000000000 258
1000000000000 259
1000000000000 260
1000000000000 261
1000000000000 262
1000000000000 263
1000000000000 264
1000000000000 265
1000000000000 266
1000000000000 267
1000000000000 268
1000000000000 269
1000000000000 270
1000000000000 271
1000000000000 272
1000000000000 273
1000000000000 274
1000000000000 275
1000000000000 276
1000000000000 277
1000000000000 278
1000000000000 279
1000000000000 280
1000000000000 281
1000000000000 282
1000000000000 283
1000000000000 284
1000000000000 285
1000000000000 286
1000000000000 287
1000000000000 288
1000000000000 289
1000000000000 290
1000000000000 291
1000000000000 292
1000000000000 293
1000000000000 294
1000000000000 295
1000000000000 296
1000000000000 297
1000000000000 298
1000000000000 299
1000000000000 300
1000000000000 301
1000000000000 302
1000000000000 303
1000000000000 304
1000000000000 305
1000000000000 306
1000000000000 307
1000000000000 308
1000000000000 309
1000000000000 310
1000000000000 311
1000000000000 312
1000000000000 313
1000000000000 314
1000000000000 315
1000000000000 316
1000000000000 317
1000000000000 318
1000000000000 319
1000000000000 320
1000000000000 321
1000000000000 322
1000000000000 323
1000000000000 324
1000000000000 325
1000000000000 326
1000000000000 327
1000000000000 328
1000000000000 329
1000000000000 330
1000000000000 331
1000000000000 332
1000000000000 333
1000000000000 334
1000000000000 335
1000000000000 336
1000000000000 337
1000000000000 338
1000000000000 339
1000000000000 340
1000000000000 341
1000000000000 342
1000000000000 343
1000000000000 344
1000000000000 345
1000000000000 346
1000000000000 347
1000000000000 348
1000000000000 349
1000000000000 350
1000000000000 351
1000000000000 352
1000000000000 353
1000000000000 354
1000000000000 355
1000000000000 356
1000000000000 357
1000000000000 358
1000000000000 359
1000000000000 360
1000000000000 361
1000000000000 362
1000000000000 363
1000000000000 364
1000000000000 365
1000000000000 366
1000000000000 367
1000000000000 368
1000000000000 369
1000000000000 370
1000000000000 371
1000000000000 372
1000000000000 373
1000000000000 374
1000000000000 375
1000000000000 376
1000000000000 377
1000000000000 378
1000000000000 379
1000000000000 380
1000000000000 381
1000000000000 382
1000000000000 383
1000000000000 384
1000000000000 385
1000000000000 386
1000000000000 387
1000000000000 388
1000000000000 389
1000000000000 390
1000000000000 391
1000000000000 392
1000000000000 393
1000000000000 394
1000000000000 395
1000000000000 396
1000000000000 397
1000000000000 398
1000000000000 399
1000000000000 400
1000000000000 401
1000000000000 402
1000000000000 403
1000000000000 404
1000000000000 405
1000000000000 406
1000000000000 407
1000000000000 408
1000000000000 409
1000000000000 410
1000000000000 411
1000000000000 412
1000000000000 413
1000000000000 414
1000000000000 415
1000000000000 416
1000000000000 417
1000000000000 418
1000000000000 419
1000000000000 420
1000000000000 421
1000000000000 422
1000000000000 423
1000000000000 424
1000000000000 425
1000000000000 426
1000000000000 427
1000000000000 428
1000000000000 429
1000000000000 430
1000000000000 431
1000000000000 432
1000000000000 433
1000000000000 434
1000000000000 435
1000000000000 436
1000000000000 437
1000000000000 438
1000000000000 439
1000000000000 440
1000000000000 441
1000000000000 442
1000000000000 443
1000000000000 444
1000000000000 445
1000000000000 446
1000000000000 447
1000000000000 448
1000000000000 449
1000000000000 450
1000000000000 451
1000000000000 452
1000000000000 453
1000000000000 454
1000000000000 455
1000000000000 456
1000000000000 457
1000000000000 458
1000000000000 459
1000000000000 460
1000000000000 461
1000000000000 462
1000000000000 463
1000000000000 464
1000000000000 465
1000000000000 466
1000000000000 467
1000000000000 468
1000000000000 469
1000000000000 470
1000000000000 471
1000000000000 472
1000000000000 473
1000000000000 474
1000000000000 475
1000000000000 476
1000000000000 477
1000000000000 478
1000000000000 479
1000000000000 480
1000000000000 481
1000000000000 482
1000000000000 483
1000000000000 484
1000000000000 485
1000000000000 486
1000000000000 487
1000000000000 488
1000000000000 489
1000000000000 490
1000000000000 491
1000000000000 492
1000000000000 493
1000000000000 494
1000000000000 495
1000000000000 496
1000000000000 497
1000000000000 498
1000000000000 499
1000000000000 500
1000000000000 501
1000000000000 502
1000000000000 503
1000000000000 504
1000000000000 505
1000000000000 506
1000000000000 507
1000000000000 508
1000000000000 509
1000000000000 510
1000000000000 511
1000000000000 512
1000000000000 513
1000000000000 514
1000000000000 515
1000000000000 516
1000000000000 517
1000000000000 518
1000000000000 519
1000000000000 520
1000000000000 521
1000000000000 522
1000000000000 523
1000000000000 524
1000000000000 525
1000000000000 526
1000000000000 527
1000000000000 528
1000000000000 529
1000000000000 530
1000000000000 531
1000000000000 532
1000000000000 533
1000000000000 534
1000000000000 535
1000000000000 536
1000000000000 537
1000000000000 538
1000000000000 539
1000000000000 540
1000000000000 541
1000000000000 542
1000000000000 543
1000000000000 544
1000000000000 545
1000000000000 546
1000000000000 547
1000000000000 548
1000000000000 549
1000000000000 550
1000000000000 551
1000000000000 552
1000000000000 553
1000000000000 554
1000000000000 555
1000000000000 556
1000000000000 557
1000000000000 558
1000000000000 559
1000000000000 560
1000000000000 561
1000000000000 562
1000000000000 563
1000000000000 564
1000000000000 565
1000000000000 566
1000000000000 567
1000000000000 568
1000000000000 569
1000000000000 570
1000000000000 571
1000000000000 572
1000000000000 573
1000000000000 574
1000000000000 575
1000000000000 576
1000000000000 577
1000000000000 578
1000000000000 579
1000000000000 580
1000000000000 581
1000000000000 582
1000000000000 583
1000000000000 584
1000000000000 585
1000000000000 586
1000000000000 587
1000000000000 588
1000000000000 589
1000000000000 590
1000000000000 591
1000000000000 592
1000000000000 593
1000000000000 594
1000000000000 595
1000000000000 596
1000000000000 597
1000000000000 598
1000000000000 599
1000000000000 600
1000000000000 601
1000000000000 602
1000000000000 603
1000000000000 604
1000000000000 605
1000000000000 606
1000000000000 607
1000000000000 608
1000000000000 609
1000000000000 610
1000000000000 611
1000000000000 612
1000000000000 613
1000000000000 614
1000000000000 615
1000000000000 616
1000000000000 617
1000000000000 618
1000000000000 619
1000000000000 620
1000000000000 621
1000000000000 622
1000000000000 623
1000000000000 624
1000000000000 625
1000000000000 626
1000000000000 627
1000000000000 628
1000000000000 629
1000000000000 630
1000000000000 631
1000000000000 632
1000000000000 633
1000000000000 634
1000000000000 635
1000000000000 636
1000000000000 637
1000000000000 638
1000000000000 639
1000000000000 640
1000000000000 641
1000000000000 642
1000000000000 643
1000000000000 644
1000000000000 645
1000000000000 646
1000000000000 647
1000000000000 648
1000000000000 649
1000000000000 650
1000000000000 651
1000000000000 652
1000000000000 653
1000000000000 654
1000000000000 655
1000000000000 656
1000000000000 657
1000000000000 658
1000000000000 659
1000000000000 660
1000000000000 661
1000000000000 662
1000000000000 663
1000000000000 664
1000000000000 665
1000000000000 666
1000000000000 667
1000000000000 668
1000000000000 669
1000000000000 670
1000000000000 671
1000000000000 672
1000000000000 673
1000000000000 674
1000000000000 675
1000000000000 676
1000000000000 677
1000000000000 678
1000000000000 679
1000000000000 680
1000000000000 681
1000000000000 682
1000000000000 683
1000000000000 684
1000000000000 685
1000000000000 686
1000000000000 687
1000000000000 688
1000000000000 689
1000000000000 690
1000000000000 691
1000000000000 692
1000000000000 693
1000000000000 694
1000000000000 695
1000000000000 696
1000000000000 697
1000000000000 698
1000000000000 699
1000000000000 700
1000000000000 701
1000000000000 702
1000000000000 703
1000000000000 704
1000000000000 705
1000000000000 706
1000000000000 707
1000000000000 708
1000000000000 709
1000000000000 710
1000000000000 711
1000000000000 712
1000000000000 713
1000000000000 714
1000000000000 715
1000000000000 716
1000000000000 717
1000000000000 718
1000000000000 719
1000000000000 720
1000000000000 721
1000000000000 722
1000000000000 723
1000000000000 724
1000000000000 725
1000000000000 726
1000000000000 727
1000000000000 728
1000000000000 729
1000000000000 730
1000000000000 731
1000000000000 732
1000000000000 733
1000000000000 734
1000000000000 735
1000000000000 736
1000000000000 737
1000000000000 738
1000000000000 739
1000000000000 740
1000000000000 741
1000000000000 742
1000000000000 743
1000000000000 744
1000000000000 745
1000000000000 746
1000000000000 747
1000000000000 748
1000000000000 749
1000000000000 750
1000000000000 751
1000000000000 752
1000000000000 753
1000000000000 754
1000000000000 755
1000000000000 756
1000000000000 757
1000000000000 758
1000000000000 759
1000000000000 760
1000000000000 761
1000000000000 762
1000000000000 763
1000000000000 764
1000000000000 765
1000000000000 766
1000000000000 767
1000000000000 768
1000000000000 769
1000000000000 770
1000000000000 771
1000000000000 772
1000000000000 773
1000000000000 774
1000000000000 775
1000000000000 776
1000000000000 777
1000000000000 778
1000000000000 779
1000000000000 780
1000000000000 781
1000000000000 782
1000000000000 783
1000000000000 784
1000000000000 785
1000000000000 786
1000000000000 787
1000000000000 788
1000000000000 789
1000000000000 790
1000000000000 791
1000000000000 792
1000000000000 793
1000000000000 794
1000000000000 795
1000000000000 796
1000000000000 797
1000000000000 798
1000000000000 799
1000000000000 800
1000000000000 801
1000000000000 802
1000000000000 803
1000000000000 804
1000000000000 805
1000000000000 806
1000000000000 807
1000000000000 808
1000000000000 809
1000000000000 810
1000000000000 811
1000000000000 812
1000000000000 813
1000000000000 814
1000000000000 815
1000000000000 816
1000000000000 817
1000000000000 818
1000000000000 819
1000000000000 820
1000000000000 821
1000000000000 822
1000000000000 823
1000000000000 824
1000000000000 825
1000000000000 826
1000000000000 827
1000000000000 828
1000000000000 829
1000000000000 830
1000000000000 831
1000000000000 832
1000000000000 833
1000000000000 834
1000000000000 835
1000000000000 836
1000000000000 837
1000000000000 838
1000000000000 839
1000000000000 840
1000000000000 841
1000000000000 842
1000000000000 843
1000000000000 844
1000000000000 845
1000000000000 846
1000000000000 847
1000000000000 848
1000000000000 849
1000000000000 850
1000000000000 851
1000000000000 852
1000000000000 853
1000000000000 854
1000000000000 855
1000000000000 856
1000000000000 857
1000000000000 858
1000000000000 859
1000000000000 860
1000000000000 861
1000000000000 862
1000000000000 863
1000000000000 864
1000000000000 865
1000000000000 866
1000000000000 867
1000000000000 868
1000000000000 869
1000000000000 870
1000000000000 871
1000000000000 872
1000000000000 873
1000000000000 874
1000000000000 875
1000000000000 876
1000000000000 877
1000000000000 878
1000000000000 879
1000000000000 880
1000000000000 881
1000000000000 882
1000000000000 883
1000000000000 884
1000000000000 885
1000000000000 886
1000000000000 887
1000000000000 888
1000000000000 889
1000000000000 890
1000000000000 891
1000000000000 892
1000000000000 893
1000000000000 894
1000000000000 895
1000000000000 896
1000000000000 897
1000000000000 898
1000000000000 899
1000000000000 900
1000000000000 901
1000000000000 902
1000000000000 903
1000000000000 904
1000000000000 905
1000000000000 906
1000000000000 907
1000000000000 908
1000000000000 909
1000000000000 910
1000000000000 911
1000000000000 912
1000000000000 913
1000000000000 914
1000000000000 915
1000000000000 916
1000000000000 917
1000000000000 918
1000000000000 919
1000000000000 920
1000000000000 921
1000000000000 922
1000000000000 923
1000000000000 924
1000000000000 925
1000000000000 926
1000000000000 927
1000000000000 928
1000000000000 929
1000000000000 930
1000000000000 931
1000000000000 932
1000000000000 933
1000000000000 934
1000000000000 935
1000000000000 936
1000000000000 937
1000000000000 938
1000000000000 939
1000000000000 940
1000000000000 941
1000000000000 942
1000000000000 943
1000000000000 944
1000000000000 945
1000000000000 946
1000000000000 947
1000000000000 948
1000000000000 949
1000000000000 950
1000000000000 951
1000000000000 952
1000000000000 953
1000000000000 954
1000000000000 955
1000000000000 956
1000000000000 957
1000000000000 958
1000000000000 959
1000000000000 960
1000000000000 961
1000000000000 962
1000000000000 963
1000000000000 964
1000000000000 965
1000000000000 966
1000000000000 967
1000000000000 968
1000000000000 969
1000000000000 970
1000000000000 971
1000000000000 972
1000000000000 973
1000000000000 974
1000000000000 975
1000000000000 976
1000000000000 977
1000000000000 978
1000000000000 979
1000000000000 980
1000000000000 981
1000000000000 982
1000000000000 983
1000000000000 984
1000000000000 985
1000000000000 986
1000000000000 987
1000000000000 988
1000000000000 989
1000000000000 990
1000000000000 991
1000000000000 992
1000000000000 993
1000000000000 994
1000000000000 995
1000000000000 996
1000000000000 997
1000000000000 998
1000000000000 999
1000000000000 1000
13
87178291200 1
43589145600 2
14529715200 3
3632428800 4
726485760 5
121080960 6
17297281 7
2162160 8
240240 9
24024 10
2184 11
182 12
14 13
81
154 11
350 20
866 31
779 41
665 68
792 73
946 83
77 92
305 119
94 126
523 135
982 183
257 185
920 199
95 203
427 211
369 212
646 236
41 238
194 252
422 258
20 291
156 312
844 328
250 330
158 334
287 351
888 358
145 387
318 393
893 401
589 402
744 413
277 419
839 431
434 439
259 444
959 450
326 452
225 474
630 484
562 485
267 489
493 508
700 512
58 515
497 543
606 551
454 605
406 636
542 639
997 697
658 739
240 745
484 764
595 766
171 774
869 776
18 783
396 785
124 811
465 840
994 874
482 877
677 885
22 887
26 903
555 906
965 908
957 916
235 919
856 928
374 942
193 947
474 960
209 970
553 972
79 977
686 988
323 989
402 992
3
483 130
668 758
959 945
13
87178291200 1
43589145600 2
14529715200 3
3632428800 4
726485760 5
121080960 6
34594560 7
2162160 8
240240 9
24024 10
2184 11
182 12
14 13
13
87178291200 1
43589145601 2
14529715200 3
3632428800 4
726485760 5
121080960 6
17297280 7
2162160 8
240240 9
24024 10
2184 11
182 12
14 13
13
87178291200 1
43589145600 2
14529715200 3
3632428800 4
726485760 5
242161920 6
17297280 7
2162160 8
240240 9
24024 10
2184 11
182 12
14 13
13
87178291200 1
43589145600 2
14529715200 3
3632428800 4
726485760 5
121080960 6
17297280 7
2162160 8
120120 9
24024 10
2184 11
182 12
14 13
14
1 0
87178291200 1
43589145600 2
14529715200 3
3632428800 4
726485760 5
121080960 6
17297280 7
2162160 8
240240 9
24024 10
2184 11
182 12
14 13
13
87178291200 1
43589145599 2
14529715200 3
3632428800 4
726485760 5
121080960 6
17297280 7
2162160 8
240240 9
24024 10
2184 11
182 12
14 13
1
1000000000000 0
13
87178291200 1
43589145600 2
14529715200 3
3632428800 4
726485760 5
60540480 6
17297280 7
2162160 8
240240 9
24024 10
2184 11
182 12
14 13
13
87178291200 1
43589145600 2
14529715200 3
3632428800 4
726485761 5
121080960 6
17297280 7
2162160 8
240240 9
24024 10
2184 11
182 12
14 13
1
1000000000000 1000
73
680534139603 13
154801965596 19
377182255510 28
876210984952 55
143535917451 66
626363968908 81
598106310145 88
9317153136 100
813483440210 104
602879976374 115
517057752058 145
533502890170 146
48333667330 153
934884676937 178
355417788335 181
519987382698 256
414739786788 265
466881605891 266
177430604924 272
337250961065 286
503040289675 318
387008144864 326
120375433368 335
599504153371 341
661283764302 344
731223124154 349
72207373606 352
67194284264 359
211548063631 365
132386274642 366
847843475949 372
509853424103 379
178345545245 383
403263296300 392
718369661191 400
962257956837 404
70111719137 420
698063546431 431
20715382136 437
574242417201 439
125801413494 490
428395562877 507
8365539039 516
481456313903 518
241890666161 574
467555950293 596
34118782237 601
90911996036 608
805063487764 638
658126892875 644
33223184724 657
392538069414 669
716922659125 674
752138541426 676
882150721471 706
746311381055 718
624548634806 723
807742687755 779
733314743026 784
485082308950 792
356116462002 813
153733387349 828
46931094263 847
668416232322 856
703718436886 909
218590750889 927
322271321713 942
811327988996 944
303493194952 966
196175185976 971
877945634032 972
826842866602 986
863034757962 999
13
87178291200 1
43589145600 2
14529715200 3
1816214400 4
726485760 5
121080960 6
17297280 7
2162160 8
240240 9
24024 10
2184 11
182 12
14 13
13
87178291200 1
43589145600 2
14529715200 3
3632428800 4
726485760 5
121080960 6
17297280 7
2162160 8
240240 9
24024 10
2184 11
91 12
14 13
13
87178291200 1
21794572800 2
14529715200 3
3632428800 4
726485760 5
121080960 6
17297280 7
2162160 8
240240 9
24024 10
2184 11
182 12
14 13
13
87178291200 1
43589145600 2
14529715200 3
3632428800 4
726485760 5
121080960 6
17297280 7
2162160 8
240240 9
24024 10
1092 11
182 12
14 13
13
87178291200 1
87178291200 2
14529715200 3
3632428800 4
726485760 5
121080960 6
17297280 7
2162160 8
240240 9
24024 10
2184 11
182 12
14 13
13
87178291200 1
43589145600 2
14529715200 3
3632428799 4
726485760 5
121080960 6
17297280 7
2162160 8
240240 9
24024 10
2184 11
182 12
14 13
7
901 0
901 1
450 2
150 3
37 4
7 5
1 6
13
87178291200 1
43589145600 2
14529715200 3
3632428800 4
726485760 5
121080960 6
17297280 7
2162160 8
240240 9
24023 10
2184 11
182 12
14 13
14
10 0
87178291200 1
43589145600 2
14529715200 3
3632428800 4
726485760 5
121080960 6
17297280 7
2162160 8
240240 9
24024 10
2184 11
182 12
14 13
14
1000000 0
87178291200 1
43589145600 2
14529715200 3
3632428800 4
726485760 5
121080960 6
17297280 7
2162160 8
240240 9
24024 10
2184 11
182 12
14 13
13
87178291200 1
43589145600 2
14529715200 3
3632428800 4
726485760 5
121080960 6
8648640 7
2162160 8
240240 9
24024 10
2184 11
182 12
14 13
13
87178291200 1
43589145600 2
14529715200 3
3632428800 4
726485760 5
121080960 6
17297280 7
2162160 8
240240 9
24024 10
2185 11
182 12
14 13
95
981 2
320 29
988 30
291 38
870 43
730 54
278 63
469 82
389 121
113 126
737 158
530 161
829 167
309 174
625 176
464 178
837 180
743 181
733 203
783 207
397 215
175 248
310 254
115 300
36 327
821 332
607 351
918 372
601 403
478 411
767 422
714 438
582 442
66 443
413 451
763 483
862 496
850 497
807 523
519 537
540 542
685 544
255 556
502 572
407 574
74 583
602 601
749 604
872 607
634 614
677 629
378 641
525 655
275 677
67 679
491 691
40 695
105 704
686 706
812 710
575 722
42 727
456 730
966 732
154 744
202 753
758 775
220 777
982 784
176 795
211 804
230 809
183 816
207 834
371 838
373 848
339 857
293 858
227 877
285 891
516 901
759 905
71 930
98 935
129 939
58 940
585 946
958 952
252 960
520 973
22 980
39 988
282 993
341 996
691 998
13
87178291200 1
43589145600 2
14529715200 3
3632428800 4
726485760 5
121080960 6
17297280 7
2162160 8
240240 9
24024 10
2184 11
182 12
14 13
685
727 0
443 1
756 2
765 3
298 4
484 5
245 6
669 8
373 9
48 11
761 12
203 13
998 14
549 16
902 17
412 18
345 20
10 22
838 23
694 25
81 26
277 27
942 29
259 30
11 31
811 32
719 33
540 34
126 35
809 36
772 38
867 39
351 40
747 41
331 43
213 45
888 46
404 47
961 48
740 50
840 51
364 52
640 54
15 56
460 57
207 58
661 59
734 60
248 61
99 67
876 69
856 70
610 71
665 74
429 76
906 78
641 79
952 80
263 81
82 83
38 84
812 87
821 88
91 89
356 90
120 91
406 92
571 93
849 97
1000 101
717 102
405 103
652 104
537 106
749 108
363 109
807 111
521 114
163 115
901 116
864 117
718 118
50 119
88 121
612 124
573 125
802 126
40 128
428 129
996 130
244 132
336 133
401 135
439 136
28 138
359 139
252 142
354 144
180 145
728 146
335 148
558 149
981 150
292 151
708 152
129 153
646 154
208 156
857 157
613 160
608 161
326 162
758 163
611 165
576 167
169 168
736 169
676 171
486 172
135 173
830 174
112 177
179 178
494 180
989 183
147 184
167 185
27 187
116 189
480 190
678 191
293 192
892 195
49 196
662 198
198 201
55 203
550 204
56 206
369 207
601 208
217 209
524 213
759 214
270 216
417 217
653 218
513 219
455 220
53 222
39 223
577 224
766 226
724 228
305 229
105 230
261 231
597 233
599 235
603 236
278 237
831 238
870 239
479 240
817 241
233 242
187 243
829 245
606 246
566 247
20 248
937 249
692 251
813 253
630 254
913 257
554 258
438 260
899 264
92 266
832 267
706 269
934 270
25 271
800 272
469 273
367 274
827 275
160 276
478 281
666 282
506 283
616 285
186 287
883 288
733 290
251 293
842 294
297 295
189 296
776 297
995 298
903 299
7 300
4 301
458 304
992 306
224 307
575 308
95 310
993 311
304 312
477 317
315 319
357 320
266 321
71 322
317 324
473 325
528 327
823 328
773 332
441 336
664 337
291 338
145 339
202 341
648 342
437 343
959 345
488 347
863 351
810 352
578 353
144 354
132 356
139 357
803 358
182 359
407 360
416 361
67 362
338 363
449 364
735 365
564 366
212 367
839 368
383 369
775 370
744 371
334 372
177 373
715 374
113 375
465 376
481 377
353 378
915 379
572 382
944 383
535 384
785 385
226 388
980 390
875 392
655 393
84 394
584 395
972 396
579 397
966 398
103 399
752 400
671 401
159 402
288 409
602 411
835 412
231 413
154 414
230 415
73 419
686 422
642 423
791 425
232 426
421 427
894 428
79 429
422 435
969 438
491 439
153 440
472 441
155 443
424 445
339 446
677 447
69 448
731 449
977 451
672 452
673 453
431 455
487 456
637 457
328 458
269 460
321 461
592 462
210 463
240 464
862 465
372 466
787 467
168 468
262 469
307 470
222 471
18 473
387 474
267 475
430 478
46 480
37 482
933 483
44 484
360 486
890 489
696 490
119 491
799 492
757 493
463 494
556 495
225 496
89 497
796 500
751 501
45 502
114 503
625 505
865 506
265 507
457 509
96 511
936 513
536 515
300 517
152 519
327 520
846 522
509 523
685 524
633 525
532 527
767 529
943 530
938 531
886 532
19 533
279 534
324 535
294 538
932 539
522 542
852 543
467 544
380 545
140 546
855 547
732 550
979 551
194 553
368 555
220 558
239 559
790 561
393 562
819 563
962 564
947 565
580 566
13 567
941 568
745 569
964 571
780 572
314 575
17 576
164 578
783 579
41 580
746 581
309 582
574 583
871 584
545 585
762 587
97 588
687 589
68 591
958 592
764 593
963 595
138 597
115 598
667 599
847 601
624 602
258 603
951 604
854 606
496 608
254 610
547 611
197 612
482 616
789 617
85 618
348 619
399 620
518 621
707 623
729 625
388 626
408 630
61 631
122 632
713 633
911 635
308 641
397 643
462 644
702 645
978 646
975 648
420 649
195 650
763 651
701 652
644 654
104 656
720 658
974 660
275 662
306 665
590 666
859 668
362 669
656 670
994 672
289 674
927 676
192 678
219 682
257 684
235 685
730 686
123 687
885 688
193 689
36 691
674 692
370 693
352 694
411 697
14 699
873 700
987 701
675 702
801 703
256 704
651 705
381 706
868 707
712 708
507 709
750 710
814 711
31 714
512 716
497 717
204 718
209 719
33 721
562 723
555 724
110 725
914 726
16 727
828 728
960 732
986 734
347 735
133 736
151 737
93 740
617 741
442 742
227 744
238 745
80 746
476 747
149 749
316 750
83 751
623 753
447 754
985 755
215 758
137 759
228 760
418 761
77 763
931 764
920 765
600 767
781 769
131 770
349 771
285 772
325 773
201 774
299 775
878 777
742 778
400 782
689 783
365 784
199 785
157 786
650 788
241 789
531 790
30 792
619 794
66 797
508 798
695 799
897 801
525 802
6 803
188 804
900 807
984 808
797 809
78 811
136 812
70 813
166 814
468 816
919 817
301 818
825 820
510 821
495 822
485 825
957 827
29 828
382 829
190 830
150 831
377 832
75 833
312 835
816 836
216 837
32 839
605 840
501 841
834 842
394 843
311 844
527 845
141 846
519 848
965 849
471 851
826 852
448 854
42 855
243 857
649 859
917 860
777 861
585 862
196 863
970 864
632 865
848 866
935 868
788 869
743 870
451 871
125 872
570 873
505 874
879 875
629 876
741 877
844 878
98 879
276 880
738 881
739 882
820 883
492 884
378 885
174 886
991 887
517 888
877 889
526 890
466 891
872 893
109 895
907 896
893 898
63 899
414 904
106 906
589 907
843 908
754 910
87 915
682 917
949 918
446 919
940 920
86 921
333 923
290 924
851 926
705 927
117 928
539 929
818 930
500 931
792 932
34 935
108 936
559 937
445 938
551 942
594 943
691 945
218 946
102 949
904 950
9 953
361 954
822 956
598 957
882 958
379 959
684 960
72 961
552 963
489 964
753 967
861 968
1 970
924 971
953 972
798 973
452 975
184 976
700 978
172 980
588 981
392 982
148 984
983 985
768 986
58 987
925 989
945 990
371 991
988 993
287 995
990 996
434 997
704 999
14
100000 0
87178291200 1
43589145600 2
14529715200 3
3632428800 4
726485760 5
121080960 6
17297280 7
2162160 8
240240 9
24024 10
2184 11
182 12
14 13
13
87178291200 1
43589145600 2
29059430400 3
3632428800 4
726485760 5
121080960 6
17297280 7
2162160 8
240240 9
24024 10
2184 11
182 12
14 13
13
87178291200 1
43589145600 2
14529715200 3
3632428800 4
726485760 5
121080960 6
17297280 7
2162160 8
240240 9
24024 10
4368 11
182 12
14 13
78
77 15
297 35
253 54
164 64
151 66
236 72
666 74
543 77
818 81
599 100
127 102
35 118
129 120
491 141
135 167
215 176
887 181
278 182
656 228
387 266
832 267
651 273
430 302
793 313
279 318
640 330
105 346
765 373
979 382
359 403
976 414
974 446
315 448
585 487
565 492
382 516
971 517
74 531
524 558
444 572
384 575
70 582
351 584
267 586
132 588
968 597
409 633
214 635
785 646
884 663
417 678
89 725
554 738
510 748
176 761
850 763
435 775
433 776
360 787
794 814
294 828
948 847
141 863
58 874
355 880
305 895
282 897
177 900
653 909
824 928
47 942
550 948
902 952
154 962
41 965
80 980
947 985
345 1000
14
10000000000 0
87178291200 1
43589145600 2
14529715200 3
3632428800 4
726485760 5
121080960 6
17297280 7
2162160 8
240240 9
24024 10
2184 11
182 12
14 13
13
87178291200 1
43589145600 2
14529715200 3
3632428800 4
726485760 5
121080960 6
17297280 7
2162160 8
240240 9
24024 10
2184 11
181 12
14 13
13
87178291200 1
43589145600 2
14529715200 3
3632428800 4
726485760 5
121080960 6
17297280 7
2162160 8
240240 9
24024 10
2184 11
182 12
7 13
10
470 146
236 212
670 245
632 298
342 488
638 552
111 701
695 739
35 838
922 853
13
87178291200 1
43589145600 2
14529715200 3
3632428800 4
726485760 5
121080960 6
17297280 7
2162160 8
240240 9
48048 10
2184 11
182 12
14 13
2
200 33
5 34
13
87178291201 1
43589145600 2
14529715200 3
3632428800 4
726485760 5
121080960 6
17297280 7
2162160 8
240240 9
24024 10
2184 11
182 12
14 13
13
87178291200 1
43589145600 2
14529715200 3
3632428800 4
1452971520 5
121080960 6
17297280 7
2162160 8
240240 9
24024 10
2184 11
182 12
14 13
14
10000 0
87178291200 1
43589145600 2
14529715200 3
3632428800 4
726485760 5
121080960 6
17297280 7
2162160 8
240240 9
24024 10
2184 11
182 12
14 13
13
87178291199 1
43589145600 2
14529715200 3
3632428800 4
726485760 5
121080960 6
17297280 7
2162160 8
240240 9
24024 10
2184 11
182 12
14 13
13
87178291200 1
43589145600 2
14529715200 3
3632428800 4
726485760 5
121080961 6
17297280 7
2162160 8
240240 9
24024 10
2184 11
182 12
14 13
13
87178291200 1
43589145600 2
14529715200 3
3632428800 4
363242880 5
121080960 6
17297280 7
2162160 8
240240 9
24024 10
2184 11
182 12
14 13
46
227 9
587 35
774 46
368 107
731 135
577 148
613 212
93 222
825 249
501 260
131 270
86 305
907 342
38 426
317 455
48 456
231 466
388 476
32 503
387 553
121 558
166 562
548 595
78 597
820 606
133 619
563 633
534 669
391 692
639 700
762 760
320 767
74 782
349 795
479 803
122 815
622 836
160 851
318 860
796 866
300 869
46 879
813 884
362 894
307 936
539 983
7
902 0
901 1
450 2
150 3
37 4
7 5
1 6
13
174356582400 1
43589145600 2
14529715200 3
3632428800 4
726485760 5
121080960 6
17297280 7
2162160 8
240240 9
24024 10
2184 11
182 12
14 13
13
87178291200 1
43589145600 2
14529715200 3
3632428800 4
726485760 5
121080960 6
17297280 7
2162161 8
240240 9
24024 10
2184 11
182 12
14 13
13
87178291200 1
43589145600 2
14529715200 3
3632428800 4
726485760 5
121080960 6
17297280 7
2162160 8
240239 9
24024 10
2184 11
182 12
14 13
17
289 156
139 183
955 242
456 302
362 322
300 326
549 418
70 483
802 521
416 528
41 533
961 579
651 727
94 733
544 840
776 841
976 894
27
842 57
108 133
609 136
669 153
138 210
424 215
2 293
358 315
392 375
369 408
417 410
225 419
53 439
642 482
594 505
888 519
323 553
371 592
652 760
30 789
695 834
835 853
54 863
854 907
805 922
142 941
168 973
13
87178291200 1
43589145600 2
14529715200 3
3632428800 4
726485760 5
121080959 6
17297280 7
2162160 8
240240 9
24024 10
2184 11
182 12
14 13
1
1 0
13
87178291200 1
43589145600 2
14529715199 3
3632428800 4
726485760 5
121080960 6
17297280 7
2162160 8
240240 9
24024 10
2184 11
182 12
14 13
13
87178291200 1
43589145600 2
14529715200 3
3632428801 4
726485760 5
121080960 6
17297280 7
2162160 8
240240 9
24024 10
2184 11
182 12
14 13
88
394 12
393 17
228 30
632 39
173 61
140 71
539 76
20 78
754 79
620 81
186 87
791 100
988 109
456 127
353 140
160 157
397 177
215 199
313 202
533 207
502 222
940 230
721 250
708 263
251 286
85 291
738 313
574 334
641 335
213 339
867 351
494 354
65 371
170 384
19 389
743 394
109 395
424 404
70 408
400 412
433 429
836 442
4 472
794 476
573 477
661 487
257 504
723 508
309 522
497 528
422 565
379 587
425 590
499 594
658 595
984 601
498 619
35 637
193 642
597 649
282 658
545 668
466 672
825 681
231 702
341 714
664 717
77 722
137 724
979 725
593 730
814 775
141 806
857 808
481 815
172 817
294 818
783 837
942 845
591 861
854 868
334 878
903 884
490 916
920 957
522 967
535 980
262 994
13
87178291200 1
43589145600 2
14529715200 3
3632428800 4
726485760 5
121080960 6
17297280 7
2162160 8
240240 9
12012 10
2184 11
182 12
14 13
13
87178291200 1
43589145600 2
14529715200 3
3632428800 4
726485760 5
121080960 6
17297280 7
1081080 8
240240 9
24024 10
2184 11
182 12
14 13
14
100000000 0
87178291200 1
43589145600 2
14529715200 3
3632428800 4
726485760 5
121080960 6
17297280 7
2162160 8
240240 9
24024 10
2184 11
182 12
14 13
13
87178291200 1
43589145600 2
14529715200 3
3632428800 4
726485760 5
121080960 6
17297280 7
2162160 8
240240 9
24025 10
2184 11
182 12
14 13
14
10000000 0
87178291200 1
43589145600 2
14529715200 3
3632428800 4
726485760 5
121080960 6
17297280 7
2162160 8
240240 9
24024 10
2184 11
182 12
14 13
13
87178291200 1
43589145600 2
14529715200 3
3632428800 4
726485759 5
121080960 6
17297280 7
2162160 8
240240 9
24024 10
2184 11
182 12
14 13
74
712159427733 15
613752090098 35
151022183083 39
184810783610 43
741114337351 56
640367473991 89
309713005453 112
959400909407 153
263580354919 158
199789994716 168
950529049159 179
281364702015 231
114354621029 250
497532271132 260
650686289029 266
142152531521 277
797727764989 279
989666861197 317
808559508989 328
513188723446 335
756352945716 360
22657726348 379
948210329441 381
912834688856 404
900564003477 436
825814717927 443
243872017714 448
113847240244 472
845836519415 477
106516963952 483
529778875771 484
510753909820 495
359512582155 503
34278579045 519
340141710006 532
102992708290 542
5054529561 543
892072416990 547
461501198578 557
507673047829 566
813908439041 568
768464773287 574
542940861572 579
74299584538 589
799351561829 605
534571090939 638
823981292031 680
771425159497 694
248162782027 703
784063144296 704
491446937275 711
93018928565 743
307799033615 769
854050141430 779
17763017355 781
747610080172 803
31571094468 808
778051678161 833
802699233045 841
989370665330 842
914473063613 859
391258384466 860
629497974211 863
16013848716 878
69035508866 881
316556572576 893
857293384952 909
242942373663 913
813092603783 914
647317823693 926
800041876444 937
576928026554 948
653749540323 962
362280669038 967
13
87178291200 1
43589145600 2
14529715200 3
7264857600 4
726485760 5
121080960 6
17297280 7
2162160 8
240240 9
24024 10
2184 11
182 12
14 13
13
87178291200 1
43589145600 2
7264857600 3
3632428800 4
726485760 5
121080960 6
17297280 7
2162160 8
240240 9
24024 10
2184 11
182 12
14 13
13
87178291200 1
43589145600 2
14529715200 3
3632428800 4
726485760 5
121080960 6
17297280 7
2162159 8
240240 9
24024 10
2184 11
182 12
14 13
13
87178291200 1
43589145600 2
14529715200 3
3632428800 4
726485760 5
121080960 6
17297280 7
2162160 8
240240 9
24024 10
2184 11
364 12
14 13
47
654324055313 4
991623736725 8
47476032767 13
827135449705 26
646084985573 63
821110850176 67
517739828717 104
350397754698 120
635754492760 162
61162060583 177
681216335375 193
560609615620 194
615182263770 208
843469205500 209
107523427494 244
917168922662 252
920937633417 303
483817937614 330
241793212184 334
784228156078 338
724213054232 361
972778746249 369
822756273142 384
535924993538 413
961944645578 425
547914493513 427
322098535319 481
139243458608 488
623615763254 498
669800380533 513
545516296989 522
114395163396 583
139086169143 622
258095553883 650
360536176092 661
641303743531 739
904811452492 797
449127955491 833
798951325887 892
615107747903 895
228867787320 898
833803680858 921
189789774560 935
646910074209 961
785165136055 965
377236211351 968
282951971970 971
84
306 4
107 9
241 11
935 12
937 18
311 27
301 40
930 54
186 57
117 61
733 89
351 105
522 129
112 199
184 200
811 225
582 236
791 253
207 265
597 297
907 304
652 318
262 319
820 326
712 340
135 356
871 360
231 370
222 381
433 395
562 396
446 398
965 400
873 410
16 412
203 423
579 426
578 446
314 447
106 450
929 475
406 518
297 529
570 530
725 534
105 580
191 585
349 591
215 616
199 627
161 645
762 647
629 650
861 653
471 655
440 660
216 663
714 666
838 705
103 710
900 730
804 746
355 800
675 811
626 815
146 858
908 874
544 880
430 881
849 888
658 891
826 895
870 914
86 916
754 927
745 935
615 936
56 948
948 950
417 959
126 961
129 966
959 967
953 990
84
900 0
236 39
613 46
54 53
147 77
281 81
562 89
836 92
643 108
617 111
998 143
935 151
931 156
770 170
752 176
801 181
790 182
539 186
630 189
400 203
902 209
638 216
776 245
920 249
639 258
718 263
541 304
91 313
705 323
214 338
225 342
23 343
35 348
844 366
406 367
893 376
426 377
289 389
816 391
453 419
244 428
425 452
3 477
675 481
202 483
490 496
969 498
741 501
568 510
725 529
460 531
870 544
945 555
853 561
828 570
587 571
152 584
586 598
472 603
877 652
79 653
59 680
786 704
454 706
960 721
140 725
564 727
83 744
285 747
148 757
524 769
855 809
89 812
620 820
717 832
299 844
295 847
898 863
734 871
37 917
292 943
121 980
840 986
510 993
86
57 4
386 7
860 21
451 37
872 45
480 47
577 49
554 60
83 72
164 93
71 99
685 102
680 124
242 129
459 136
955 142
324 147
773 152
923 162
717 176
180 191
971 202
869 204
800 210
345 235
677 243
52 247
981 275
183 284
280 298
587 316
884 324
41 326
6 338
385 386
679 420
809 422
944 434
797 435
59 477
531 491
106 494
867 509
974 519
687 525
450 531
816 532
756 536
722 563
18 568
67 577
847 605
948 612
576 622
608 654
10 655
552 657
908 662
453 666
246 685
564 709
127 711
35 713
681 758
223 784
94 796
182 807
883 823
29 841
118 854
102 859
207 872
864 888
846 889
858 894
614 919
111 929
399 935
236 940
967 945
578 957
76 979
956 985
408 988
495 990
331 996
70
288 14
86 18
913 20
251 33
755 38
33 39
649 68
127 78
473 100
627 113
862 119
249 123
733 142
278 166
846 209
665 234
778 270
670 286
308 324
803 326
59 328
401 347
934 359
955 360
971 373
154 382
899 409
750 427
704 449
175 456
954 459
798 462
835 487
76 499
625 502
843 515
235 516
908 546
863 553
900 558
587 563
601 574
226 579
253 589
134 593
716 630
922 671
194 672
870 726
149 740
199 761
507 768
621 775
584 795
856 809
428 818
56 830
481 846
240 848
648 881
467 890
504 893
170 894
210 948
929 950
103 955
624 959
393 991
770 997
95 1000
13
43589145600 1
43589145600 2
14529715200 3
3632428800 4
726485760 5
121080960 6
17297280 7
2162160 8
240240 9
24024 10
2184 11
182 12
14 13
18
484 13
413 25
361 109
407 146
12 159
954 248
836 256
277 350
828 450
213 466
376 553
217 571
220 646
529 738
506 838
817 923
774 933
753 982
13
87178291200 1
43589145600 2
14529715200 3
3632428800 4
726485760 5
121080960 6
17297280 7
2162160 8
240241 9
24024 10
2184 11
182 12
14 13
